3 
9 
11 
12 
13 
15 
17 
20 
24 
25 
28 
30 
34 
46 
47 
56 
57 
67 
69 
71 
83 
89 
94 
95 
96 
99 
104 
105 
106 
107 
115 
126 
127 
134 
147 
148 
155 
164 
170 
171 
172 
173 
175 
176 
181 
187 
198 
200 
202 
209 
217 
239 
241 
244 
248 
258 
259 
266 
273 
275 
277 
281 
282 
283 
284 
288 
302 
307 
312 
317 
325 
345 
349 
356 
357 
362 
365 
376 
380 
384 
387 
388 
392 
401 
406 
407 
408 
409 
412 
415 
418 
425 
431 
442 
447 
452 
455 
457 
462 
465 
482 
485 
486 
487 
488 
499 
502 
505 
507 
518 
522 
523 
526 
532 
537 
538 
541 
544 
545 
546 
559 
566 
576 
579 
581 
585 
587 
600 
602 
610 
615 
619 
625 
628 
631 
632 
633 
638 
639 
643 
644 
652 
667 
670 
672 
675 
682 
692 
694 
696 
697 
699 
704 
706 
713 
720 
722 
731 
732 
737 
741 
742 
752 
753 
757 
758 
760 
765 
777 
778 
787 
796 
798 
804 
809 
821 
823 
837 
846 
855 
862 
863 
874 
877 
883 
884 
885 
903 
904 
906 
909 
915 
934 
938 
941 
950 
951 
957 
961 
972