20 0.46088137166603926 0.4829100047607593 0.44087963246529455 0.4655632585231589 0.4283692273211785 0.49120801518865426 0.44837096652192315 0.5085547614262547
1 0.4645610057380899 0.5292381617879135 0.44565678371531464 0.5120378560955012 0.43348247724884437 0.5358251121316402 0.4523866992716196 0.5530254178240525
1 0.4524118272666303 0.5698754914379724 0.4425819999445421 0.5424509972524879 0.4239307192787304 0.5543358387240556 0.4337605466008186 0.5817603329095401
19 0.41500089137167717 0.5687731685857592 0.39255372833249763 0.5638025655045307 0.3888971040184334 0.593159465416354 0.4113442670576129 0.5981300684975827
26 0.5017541189668715 0.5319475833085187 0.4934250310672694 0.5034692621747374 0.4742952643235901 0.5134157604147142 0.4826243522231921 0.5418940815484954
28 0.46978195006702683 0.7091572129290022 0.46180391009709465 0.6805015116752227 0.4426137259030837 0.6899997220266436 0.4505917658730159 0.7186554232804233
23 0.24455331455941787 0.9417321755074671 0.24419372196069292 0.911399069602719 0.21958592135520344 0.9119176834819377 0.2199455139539284 0.9422507893866857
23 0.3441409876801845 0.5081944001851677 0.3240471838313977 0.4884388758624548 0.3096501123857783 0.5144719365586434 0.32974391623456506 0.5342274608813563
3 0.36830357142857145 0.5005787037037038 0.3577628968253968 0.47205687830687837 0.33911730178346755 0.48430712432476425 0.34965797638664214 0.5128289497215897
14 0.43186330333265427 0.42483412525479847 0.4097131591121975 0.4064922514441746 0.3982844682964875 0.43102842381688544 0.42043461251694425 0.44937029762750924
21 0.4757605430143756 0.41939640111809934 0.4528921926474993 0.41068464859738446 0.44632328167115903 0.4413395664869722 0.4691916320380354 0.450051319007687
30 0.5144411181003593 0.3738790104347441 0.5071924603174603 0.34267526455026465 0.4867010770524386 0.3511377827128105 0.49394973483533755 0.38234152859729
9 0.5421817888493953 0.39639100846413994 0.5385044642857143 0.36437665343915354 0.5181941695814924 0.368524101006382 0.5218714941451734 0.4005384560313684
20 0.5964811543542647 0.48652323038424916 0.579543193043534 0.46305938787587736 0.5625367351760979 0.484884342139087 0.5794746964868287 0.5083481846474588
2 0.5886643852538276 0.4215569486790636 0.5685497600587326 0.4132500238197323 0.5616608794819379 0.4429050144931728 0.5817755046770328 0.4512119393525042
14 0.6284071310308412 0.3900192778739918 0.6168554803382724 0.36218723059131125 0.5962475836438812 0.3773930572784348 0.60779923433645 0.4052251045611154
15 0.6620826857115306 0.4130639847364904 0.6553006329921185 0.38114844252749236 0.6332508803319904 0.3894783490879852 0.6400329330514025 0.42139389129698335
8 0.6798460428179374 0.42021587795976867 0.6611133410499588 0.403074843662272 0.6469955268982482 0.43050373972845235 0.6657282286662268 0.4476447740259491
17 0.655997676100123 0.44852135027547774 0.6366548331097271 0.43934169597495076 0.6287458886404937 0.4689688530343013 0.6480887316308898 0.4781485073348283
31 0.5929326355703429 0.6070395760949093 0.5781910217311582 0.5809220136766275 0.5592119196347796 0.5999663360551244 0.5739535334739643 0.6260838984734062
26 0.6184783886739514 0.5976176224064984 0.598367815050938 0.5849694628951692 0.5883716161794751 0.613225385038504 0.6084821898024886 0.6258735445498332
4 0.6479609742147321 0.5853933884787801 0.6275485101959755 0.570021039032556 0.6160383006793878 0.597192681170074 0.6364507646981445 0.6125650306162982
4 0.6777372236939982 0.5952125154160312 0.6578184541716808 0.5871992173323403 0.6510416666666666 0.6171461640211642 0.6709604361889842 0.6251594621048551
13 0.6612863233283492 0.6605430891530031 0.6448412698412699 0.6378141534391536 0.6276065981076756 0.6599826723749139 0.6440516515947551 0.6827116080887634
22 0.5832286693969047 0.677414227500022 0.573353799801257 0.6493088294201023 0.5530431568252647 0.6619953571648663 0.5629180264209123 0.6901007552447861
28 0.6870115012787489 0.699320702913956 0.6713358147834393 0.6757401830577636 0.6540430389685525 0.6961770999299025 0.6697187254638621 0.7197576197860949
2 0.7451155318370241 0.6835044445425095 0.7318100526128201 0.6582677609435497 0.7125281690512117 0.6763405494963441 0.7258336482754159 0.7015772330953038
18 0.7990992075046938 0.6485872189670822 0.7890803130446312 0.619465632403167 0.766265139988499 0.6334198666882632 0.7762840344485614 0.6625414532521784
26 0.8161451179029304 0.7009707595645096 0.8114411630036631 0.6696110602360603 0.788428151709402 0.6757478632478633 0.7931321066086692 0.7071075625763125
14 0.8218709561923871 0.6511923087774468 0.8179484465807173 0.6192892306025319 0.7942661274577003 0.6244656937988199 0.7981886370693702 0.6563687719737348
8 0.8088416342018152 0.572222057194318 0.7925983457462404 0.5518638023299975 0.7748109162061333 0.5770941988407879 0.7910542046617081 0.5974524537051084
29 0.7623015153592356 0.5548973907344731 0.7538633344485692 0.5255927004400656 0.7323890163000865 0.5365855061589316 0.7408271972107529 0.5658901964533392
31 0.7195565041710115 0.5183308471401538 0.7036341566736183 0.4959216173290079 0.6855072739253852 0.5188187323794078 0.7014296214227783 0.5412279621905536
13 0.76202876984127 0.46895667989418005 0.7401402771954567 0.46556311514289117 0.737343646770341 0.49763114401755026 0.7592321394161543 0.5010247087688391
10 0.7717617646516503 0.4052317125315942 0.7606217729812959 0.37809583538585895 0.7382949390848149 0.39439050714188717 0.7494349307551693 0.4215263842876224
6 0.7139594742553157 0.3520360479115415 0.6963163460822793 0.3295346670531765 0.679339316808082 0.35319961695054247 0.6969824449811183 0.37570099780890753
27 0.7469804645308579 0.31400911871749776 0.7281764960525485 0.2953990055843257 0.7130571812636576 0.32255777474214836 0.7318611497419669 0.3411678878753205
13 0.767701186541604 0.28984867561631383 0.7547101042395593 0.26225180021761985 0.7334942964806354 0.28000687337757035 0.7464853787826802 0.30760374877626434
20 0.6550992792950513 0.3078922541238719 0.635018129848093 0.29832980200627274 0.6265416823780795 0.32997520589432366 0.6466228318250377 0.3395376580119228
14 0.6751920279853915 0.2770851420896011 0.6544953835428344 0.2671326573303387 0.6462930179255608 0.29745655446086483 0.666989662368118 0.30740903922012724
16 0.6151650356882812 0.24636108600697612 0.5943080357142856 0.24346891534391543 0.5918436684848425 0.2750633670034432 0.6127006684588381 0.27795553766650394
23 0.771677656256281 0.16952758417352437 0.7513760005354653 0.15795968917590855 0.7412193031907564 0.18964858489140027 0.7615209589115722 0.2012164798890161
11 0.7071289561000509 0.13737642251472681 0.6856666575512288 0.1188949987643521 0.6714332335952502 0.1482801320928239 0.6928955321440724 0.16676155584319863
1 0.6944835006450572 0.10801625217898812 0.6738791050406615 0.09631499047772639 0.6640444567552467 0.12710171554511182 0.6846488523596423 0.13880297724637355
12 0.598028273809524 0.1655505952380954 0.5757571187258689 0.1606014496639498 0.5714545460639211 0.19502203095953105 0.5937257011475762 0.1999711765336767
15 0.41602345824154097 0.3387321652168182 0.39947788686945723 0.3158229125477791 0.3825044660509519 0.33761594668511935 0.39905003742303563 0.36052519935415844
20 0.37442092221503986 0.12666391342861938 0.3566950818789053 0.10066601426895547 0.3394310448538389 0.12159211975388451 0.35715688518997335 0.14759001891354842
6 0.23623511904761904 0.2838955026455027 0.22730366722823622 0.25343163597473944 0.20741688010006976 0.26379687047790495 0.2163483319194526 0.2942607371486682
20 0.7363374347142816 0.8895493100580569 0.7138431270229616 0.887501789871631 0.712171167802052 0.9201566323591431 0.734665475493372 0.922204152545569
7 0.40464159363631286 0.8065837912473134 0.3463955853174603 0.6787367724867724 0.2749218984271793 0.7366261955251734 0.33316790674603175 0.8644732142857142
7 0.5109126984126985 0.7828151455026455 0.4304635443994019 0.7636264234789488 0.4097956376533701 0.9176720583995835 0.4902447916666667 0.9368607804232805
24 0.6543593931301793 0.8827680813422949 0.5516287202380952 0.805224867724868 0.510488573139662 0.9021194847952718 0.6132192460317462 0.9796626984126987
7 0.7612021329365078 0.7972331349206347 0.7326154884774597 0.6459093735233474 0.6540184758704279 0.6723054613603741 0.6826051203294761 0.8236292227576615
25 0.9144327481619247 0.6441156006081397 0.8405844663604245 0.5920732459968473 0.7886269166111981 0.7231451453887077 0.8624751984126983 0.7751874999999999
25 0.8016214745622563 0.5086702941851102 0.6888640873015873 0.48638657407407426 0.6775866107552041 0.5878353275080118 0.7903439980158731 0.6101190476190478
0 0.641327628968254 0.50154332010582 0.635929930494083 0.40078423643459754 0.5259763094623369 0.41125579728115846 0.531374007936508 0.512014880952381
0 0.4348544146825397 0.39241633597883596 0.35884822307936975 0.3743911237010687 0.34019518849206354 0.5142195767195767 0.4162013800952335 0.532244788997344
0 0.2808779761904762 0.418044642857143 0.21495156896190906 0.36618046279860006 0.15749007936507942 0.4960317460317461 0.22341648659364663 0.547895926090289
0 0.5121527777777779 0.16176157407407415 0.43820241116087877 0.14319661294434122 0.4195249653984007 0.27546048855154487 0.4934753320152998 0.29402544968127775
7 0.36747693452380953 0.29293419312169316 0.29630460731135105 0.25800417724174585 0.25896999007936505 0.3932430555555556 0.33014231729182353 0.42817307143550287
25 0.35466269841269843 0.183807208994709 0.25343428020930775 0.13254127079218656 0.22756489074488634 0.22335200633014962 0.328793308948277 0.2746179445326721
24 0.6875677083333332 0.2508716931216931 0.6384011695229788 0.17663990853337017 0.5578586314785 0.2714779373938538 0.6070251702888544 0.3457097219821767
8 0.7702208663000687 0.33291744014691677 0.7483025804533928 0.3313027114230994 0.7469655518446148 0.3635672299698475 0.7688838376912905 0.3651819586936648
24 0.5417823569976771 0.6205185749774165 0.4963319359756097 0.4892173586914441 0.4242296385017421 0.5335880032907473 0.4696800595238094 0.6648892195767195
25 0.6635974702380952 0.10375330687830688 0.6271552814060839 0.02142495940816472 0.5354042658730159 0.0936259920634921 0.571846454705027 0.17595433953363426
24 0.3328062996031746 0.6070188492063493 0.22289316272391624 0.5691509655515974 0.20293577495153234 0.6721325898384748 0.3128489118307907 0.7100004734932266