18 0.29443068171391873 0.2316668960455088 0.2695688824662813 0.22656703978958317 0.26608519130195435 0.2567590298804172 0.2909469905495918 0.26185888613634284
19 0.33456456612752 0.4787982960909015 0.3111491092735287 0.4777072963975764 0.31051479179009567 0.5019099041419423 0.33393024864408705 0.5030009038352673
19 0.3653538945368159 0.36048441105017165 0.344256003328683 0.3526469118425654 0.33851707768118067 0.38011127986332627 0.35961496888931355 0.3879487790709325
4 0.3756962376086522 0.41448698969576836 0.36393860333432865 0.3905412203075567 0.34647298881641353 0.40578710024558445 0.3582306230907371 0.4297328696337961
11 0.38244047619047616 0.33046726190476194 0.36069766865079367 0.33046726190476194 0.36069766865079367 0.3592371031746032 0.38244047619047616 0.3592371031746032
5 0.45489369155525977 0.31797043918687395 0.4375301845054891 0.30487449631422475 0.42741154255340397 0.32872515501094873 0.44477504960317465 0.34182109788359794
10 0.4995519714942992 0.29791825363762153 0.47894280593435723 0.2870092186001487 0.47118484018143697 0.31306471807046393 0.49179400574137894 0.3239737531079367
27 0.49503968253968245 0.35405654761904765 0.49257748115233574 0.3258220443466015 0.4737179192057131 0.3287458768813564 0.47618012059305975 0.35698038015380257
23 0.4827992699910152 0.3730160377358492 0.47035008610362383 0.3487560896475992 0.4546572149221324 0.3630723931815914 0.46710639880952376 0.3873323412698413
12 0.3863291170634921 0.4802648809523809 0.38241623644421163 0.45521226287929417 0.3606906230133918 0.4612447027437912 0.36460350363267224 0.48629732081687793
6 0.5044260912698412 0.47192956349206344 0.4973134972103269 0.44753390663322157 0.47981522817460315 0.45660350529100535 0.48692782223411746 0.4809991621498472
1 0.2456130952380952 0.5479083994708995 0.23540193459705475 0.5240377350678289 0.21339651079442873 0.5407724304619432 0.22360767143546922 0.564643094865014
18 0.31039063693247726 0.615175757530212 0.31004987011437546 0.5864911596253737 0.28664906453110456 0.5869853756401352 0.28698983134920636 0.6156699735449734
19 0.29673338293650803 0.6187996031746034 0.28158641236077636 0.5998585817225446 0.26541508950275217 0.6228489224021235 0.28056206007848383 0.6417899438541823
30 0.3640791078148928 0.6450883700656685 0.3435877340541436 0.6355213229642755 0.3361558370901648 0.6638202725800235 0.3566472108509139 0.6733873196814165
11 0.4559760944055305 0.6650255715974056 0.4428581008374432 0.6443442392944726 0.4259068549744867 0.6634589617735929 0.439024848542574 0.6841402940765259
23 0.45783978880430826 0.7065417960207898 0.452463505547216 0.6783376030867205 0.43138480540124374 0.6854807529921875 0.436761088658336 0.7136849459262568
19 0.4919002971791094 0.6795975878546403 0.4879965528524179 0.6509699311734768 0.46716694072772696 0.6560194991374332 0.47107068505441846 0.6846471558185967
16 0.5085101686507937 0.7034351851851852 0.5065257001691388 0.673848564185966 0.4874594799310435 0.6761220430219448 0.48944394841269845 0.7057086640211641
23 0.5175781250000002 0.6191094576719577 0.4987442956349206 0.6164226190476191 0.49648878436173177 0.6445299445964863 0.5153226137268114 0.6472167832208249
20 0.561717779755302 0.6666753975479714 0.5432176330761422 0.6530405581985554 0.5328208268180302 0.6781191167470925 0.5513209734971899 0.6917539560965085
26 0.5913042428948264 0.6573381325389621 0.5900297408006201 0.6279638937963054 0.5704244680236799 0.6294761462419095 0.5716989701178861 0.6588503849845663
22 0.6932819940476189 0.6751200396825398 0.6761463381392593 0.6534624745761406 0.6620404353614815 0.6733037444174105 0.6791760912698411 0.6949613095238095
27 0.7411024305555557 0.6139427910052913 0.7209986645359364 0.5957889720628292 0.7102554563492065 0.6169394841269842 0.7303592223688257 0.6350933030694463
29 0.6983506944444444 0.547040343915344 0.6955166705618369 0.520229578295755 0.6723540916988794 0.524582277679398 0.675188115581487 0.5513930432989869
10 0.6197713764906921 0.42209733063913274 0.6149629482737685 0.3969312785938863 0.5935298654338699 0.40421159345739915 0.5983382936507935 0.4293776455026456
13 0.5863251488095238 0.3608630952380953 0.5670661711290655 0.35671083328551056 0.5635689099341653 0.3855480956160183 0.5828278876146237 0.38970035756860316
31 0.6091400900539392 0.39138055434028474 0.6074064980158732 0.36427347883597894 0.5876917551841562 0.3665149483052181 0.5894253472222223 0.3936220238095238
1 0.6280228174603176 0.328931216931217 0.608148234473438 0.32024444360106896 0.6007476880778632 0.3503454346436009 0.6206222710647428 0.35903220797374896
15 0.6741828942091379 0.4115412641589974 0.6669215265340808 0.3862541430859309 0.6454743176884574 0.39720296252343146 0.6527356853635146 0.42249008359649787
27 0.6951804553296291 0.3746503916724144 0.6884767015972159 0.3490497308472804 0.6668143514263168 0.3591341275346546 0.6735181051587301 0.3847347883597884