1 0.36208727743971164 0.27471452182405537 0.3349405566824431 0.2697787544136429 0.3313443768311922 0.3049414018480957 0.3584910975884608 0.3098771692585081
1 0.36209995492449865 0.2745905641950267 0.3349532341672301 0.26965479678461424 0.3313443768311922 0.3049414018480957 0.3584910975884608 0.3098771692585081
4 0.28958333333333336 0.43240740740740746 0.2605655774903563 0.4219505584549833 0.2545902352318282 0.4514289135970552 0.2836079910748053 0.46188576254947944
29 0.51875 0.577777777777778 0.5040414389799636 0.5509411050394658 0.48499343726561656 0.5695006964534449 0.499701998285653 0.5963373691917572
0 0.41147915723189066 0.24667883902534876 0.40165391624075397 0.06618552304002263 0.3030136022514071 0.07573135987770134 0.31283884324254385 0.25622467586302744
0 0.2847591074681238 0.22642197935640557 0.27796220400728594 0.049702489374620525 0.18298406193078323 0.0561967213114754 0.1897809653916211 0.23291621129326043
0 0.5354284595393215 0.044128187784067414 0.4384942726690164 0.042492167752501045 0.4367730695289972 0.22379223183452604 0.5337072563993023 0.2254282518660924
0 0.6840617351455501 0.03434084373390744 0.5829664201774026 0.032655921817771605 0.5812184294120709 0.21910827011983086 0.6823137443802184 0.2207931920359667
25 0.4736522447672338 0.2574639269349042 0.3783939191268361 0.2555539855686807 0.37637797748010826 0.4343008115785486 0.471636303120506 0.43621075294477213
25 0.3365326113785018 0.26383499938294463 0.23942454440742117 0.256021706638145 0.23144303550125472 0.4323750462791559 0.3285511024723353 0.4401883390239555
25 0.630513040305146 0.4367977811744079 0.6272878626705775 0.25475442135654064 0.5253325054047727 0.2579656137113691 0.5285576830393413 0.44000897352923635
24 0.5676405338421723 0.4776485941132606 0.4701138033513182 0.47192375458759206 0.4640471059788569 0.6556580178678482 0.561573836469711 0.6613828573935168
7 0.27774205627629944 0.6882242568826825 0.1467106349539385 0.6820215860508547 0.14336718983731786 0.8075865248750516 0.2743986111596788 0.8137891957068794
7 0.7472222222222222 0.6925925925925928 0.6034722222222222 0.6925925925925926 0.6034722222222222 0.8287037037037037 0.7472222222222222 0.8287037037037038
26 0.5152777777777777 0.7583333333333333 0.49479166666666674 0.7310185185185186 0.47430555555555554 0.7583333333333335 0.4947916666666667 0.7856481481481482
24 0.4048611111111111 0.475 0.3097222222222223 0.475 0.3097222222222223 0.6518518518518519 0.4048611111111111 0.6518518518518519